4294967278,60
4294967278,59
4294967278,58
4294967279,538
4294967279,153
4294967279,542
4294967279,151
4294967278,63
4294967278,62
4294967278,61
4294967278,260
4294967279,87
4294967279,84
4294967279,83
4294967279,81
4294967279,80
4294967279,78
4294967279,77
4294967279,75
4294967279,0
4294967279,260
4294967279,289
4294967279,148
4294967279,147
4294967279,146
4294967279,145
4294967279,144
4294967279,143
4294967279,142
4294967279,141
4294967279,140
4294967279,139
4294967279,138
4294967279,272
4294967279,136
4294967279,135
4294967279,134
4294967279,133
4294967279,268
4294967279,270
4294967279,74
4294967279,72
4294967279,71
4294967279,69
4294967279,66
4294967279,64
4294967279,63
4294967279,60
4294967279,57
4294967279,55
4294967279,54
4294967279,52
4294967279,49
4294967279,47
4294967279,46
4294967279,44
4294967279,43
4294967279,42
4294967279,41
4294967279,36
4294967279,33
4294967279,32
4294967279,30
4294967279,29
4294967279,26
4294967279,23
4294967279,22
4294967279,21
4294967279,20
4294967279,19
4294967279,17
4294967279,12
4294967279,11
4294967279,18
4294967279,266
4294967279,280
4294967279,14
4294967279,277
216,4
4294967279,265
216,3
216,2
216,1
4294967279,296
4294967294,1418
4294967279,264
4294967279,263
4294967279,262
215,4
215,3
215,2
215,1
4294967279,261
4294967279,275
4294967279,258
4294967279,298
4294967279,257
214,6
4294967279,254
4294967279,540
214,5
4294967279,253
4294967278,258
214,4
4294967278,257
214,3
214,2
214,1
4294967278,342
4294967278,366
4294967294,120
4294967278,340
4294967278,341
4294967278,364
213,5
4294967278,375
4294967278,363
213,4
213,3
213,2
213,1
4294967278,254
4294967278,337
4294967278,252
4294967278,251
4294967278,317
4294967278,244
4294967278,242
212,5
4294967278,240
212,4
212,3
212,2
212,1
4294967278,238
4294967278,362
4294967278,236
4294967278,234
4294967278,232
211,5
4294967278,228
211,4
4294967278,226
211,3
211,2
211,1
4294967278,225
4294967294,388
4294967278,224
4294967278,218
4294967278,221
4294967278,219
4294967278,216
4294967278,214
4294967278,213
4294967294,468
4294967294,99
4294967278,210
209,4
4294967278,209
209,3
209,2
209,1
4294967278,335
0,7
4294967294,387
4294967294,386
4294967278,208
4294967294,42
4294967294,903
4294967294,185
4294967294,902
4294967294,0
4294967278,382
4294967294,436
4294967278,334
4294967294,408
4294967294,397
4294967294,396
4294967294,948
4294967294,420
4294967294,406
4294967294,168
4294967294,443
4294967294,191
4294967294,167
4294967294,183
4294967294,111
4294967294,189
4294967294,118
4294967294,113
4294967294,454
4294967278,381
4294967278,373
4294967294,29
4294967294,43
4294967278,360
4294967294,949
4294967294,469
4294967294,53
4294967294,416
4294967294,52
4294967294,45
4294967294,44
4294967278,359
4294967294,107
4294967294,50
4294967294,89
4294967294,910
4294967294,899
4294967294,908
4294967294,188
4294967294,1
4294967294,966
4294967294,92
4294967294,91
4294967294,90
4294967294,88
4294967294,87
4294967294,86
4294967294,85
4294967294,84
4294967294,1414
4294967294,921
4294967294,950
4294967294,418
4294967294,28
4294967294,920
4294967294,27
4294967294,946
4294967294,393
4294967294,392
4294967294,46
4294967294,389
4294967294,114
4294967294,115
4294967294,2
4294967294,426
4294967294,96
4294967294,94
4294967278,332
4294967294,9
4294967278,200
4294967294,8
4294967278,333
4294967294,93
4294967294,95
4294967294,68
4294967294,11
4294967294,81
4294967294,5
4294967294,423
4294967279,199
4294967294,7
4294967294,22
4294967294,17
4294967294,67
4294967294,76
4294967294,41
4294967294,51
4294967294,470
4294967294,25
4294967294,26
4294967294,969
4294967294,82
4294967294,83
4294967278,132
4294967278,131
4294967278,130
4294967278,129
4294967278,128
4294967278,127
4294967278,126
4294967278,125
4294967278,124
4294967278,123
4294967278,122
4294967278,121
4294967278,120
4294967278,119
4294967278,118
4294967278,117
4294967278,116
4294967278,115
4294967278,114
4294967278,113
4294967278,112
4294967278,111
4294967278,110
4294967278,109
4294967278,108
4294967278,107
4294967278,106
4294967278,105
4294967278,104
4294967278,103
4294967278,102
4294967278,101
4294967278,100
4294967278,99
4294967278,98
4294967278,97
4294967278,96
4294967278,95
4294967278,94
4294967278,93
4294967278,92
4294967278,91
4294967278,90
4294967278,89
4294967278,87
4294967278,86
4294967278,85
4294967278,83
4294967278,82
4294967278,81
4294967278,271
4294967278,80
4294967278,79
4294967278,78
4294967278,77
4294967278,76
4294967278,397
4294967278,75
4294967278,74
4294967278,73
4294967278,378
4294967278,72
4294967278,355
4294967278,71
4294967278,70
